1
4
19
48
62
68
85
90
91
104
106
108
111
113
117
134
137
139
165
168
174
182
186
202
222
223
224
225
226
227
228
241
243
244
252
261
278
286
288
289
290
291
293
295
297
301
302
307
317
334
340
341
344
345
348
349
357
360
363
364
384
398
416
418
421
422
425
448
455
458
462
464
471
500
505
512
519
525
532
534
551
553
554
564
565
568
569
572
573
574
575
580
590
592
595
600
614
615
616
617
623
624
625
628
631
633
634
663
668
672
675
677
706
709
711
715
718
745
750
754
756
758
760
779
781
783
787
791
799
800
818
821
824
827
833
839
840
842
843
844
845
852
854
855
856
859
865
866
868
873
876
886
887
894
901
907
919
923
928
930
933
954
976
977
1009
1062
1067
1068
1081
1082
1083
1094
1099
1123
1126
1128
1129
1133
1137
1141
1149
1155
1156
1165
1172
1173
1174
1177
1198
1203
1204
1210
1211
1215
1219
1221
1223
1224
1230
1235
1239
1242
1243
1244
1256
1257
1258
1281
1297
1301
1306
1310
1315
1316
1322
1323
1325
1328
1331
1343
1350
1353
1356
1359
1360
1364
1366
1369
1372
1373
1375
1376
1377
1381
1382
1387
1388
1398
1407
1412
1417
1429
1452
1471
1487
1496
1502
1504
1507
1508
1510
1511
1512
1514
1515
1516
1518
1522
1525
1526
1527
1530
1537
1538
1539
1540
1566
1583
1603
1606
1607
1612
1619
1620
1623
1625
1627
1630
1632
1633
1641
1642
1643
1647
1648
1649
1650
1659
1664
1666
1670
1671
1676
1678
1682
1699
1700
1705
1712
1714
1715
1716
1729
1732
1751
1756
1761
1765
1770
1773
1776
1783
1784
1796
1799
1803
1804
1808
1809
1811
1815
1818
1820
1827
1829
1837
1838
1841
1871
1872
1875
1877
1890
1904
1917
1919
1926
1928
1932
1935
1936
1941
1943
1944
1946
1947
1950
1952
1953
1958
1959
1964
1965
1969
1970
1976
1977
1978
1985
1989
1991
1992
1993
1995
1996
1997
2003
2006
2007
2008
2012
2015
2017
2023
2024
2053
2057
2065
2068
2072
2101
2106
2108
2110
2115
2117
2118
2121
2122
2132
2152
2155
2157
2160
2163
2164
2166
2171
2175
2176
2179
2186
2188
2196
2197
2198
2205
2206
2208
2210
2213
2215
2216
2217
2221
2224
2229
2233
2234
2244
2245
2279
2280
2291
2309
2353
2360
2361
2369
2384
2388
2398
2414
2416
2421
2422
2424
2433
2435
2444
2445
2448
2449
2456
2467
2477
2481
2482
2483
2489
2490
2491
2492
2493
2512
2516
2522
2523
2526
2528
2534
2535
2540
2541
2546
2558
2560
2561
2562
2564
2568
2571
2572
2573
2574
2577
2583
2584
2586
2588
2595
2598
2599
2603
2622
2624
2626
2631
2632
2635
2636
2637
2640
2641
2644
2646
2650
2653
2655
2658
2663
2665
2675
2678
2685
2686
2689
2691
2695
2705
2737
2740
2753
2754
2762
2776
2777
2788
2789
2792
2794
2797
2804
2805
2809
2814
2817
2826
2832
2838
2847
2848
2850
2853
2856
2857
2858
2865
2870
2876
2884
2885
2887
2964
2969
2983
3001
3002
3007
3014
3015
3020
3023
3030
3033
3043
3044
3045
3046
3047
3048
3049
3052
3056
3057
3060
3061
3063
3065
3075
3076
3079
3081
3086
3092
3094
3095
3103
3108
3109
3111
3127
3128
3131
3132
3134
3136
3137
3147
3162
3165
3173
3179
3180
3181
3191
3201
3202
3206
3210
3211
3214
3217
3224
3235
3240
3241
3242
3243
3248
3278
3280
3301
3310
3311
3312
3317
3333
3339
3344
3348
3352
3357
3358
3359
3360
3361
3363
3364
3365
3366
3371
3373
3378
3384
3393
3394
3395
3396
3397
3403
3404
3426
3427
3433
3436
3438
3439
3440
3442
3461
3469
3487
3488
3489
3490
3491
3493
3494
3496
3499
3500
3501
3503
3504
3506
3512
3513
3514
3515
3516
3517
3518
3519
3522
3523
3534
3548
3550
3557
3559
3560
3574
3575
3581
3593
3594
3605
3617
3621
3629
3636
3646
3650
3656
3659
3661
3673
3691
3695
3711
3716
3722
3723
3724
3725
3728
3739
3741
3742
3743
3749
3750
3764
3766
3769
3770
3772
3775
3777
3778
3780
3781
3799
3800
3803
3807
3832
3835
3836
3837
3841
3844
3846
3847
3852
3853
3855
3856
3860
3863
3864
3867
3868
3869
3874
3875
3880
3881
3882
3884
3887
3889
3890
3893
3899
3906
3907
3908
3909
3910
3911
3912
3913
3917
3918
3922
3927
3936
3941
3942
3945
3946
3948
3949
3950
3952
3956
3959
3962
3963
3964
3965
3966
3971
3973
3978
3980
3982
3983
3988
3992
3997
4002
4012
4013
4015
4018
4021
4022
4025
4033
4038
4044
4045
4047
4049
4050
4067
4068
4069
4070
4080
4094
4097
4104
4111
4113
4117
4133
4141
4146
4148
4152
4160
4161
4162
4166
4170
4171
4176
4177
4189
4190
4192
4196
4199
4201
4202
4203
4207
4209
4213
4214
4215
4216
4218
4219
4220
4224
4226
4228
4231
4233
4236
4237
4239
4240
4243
4244
4245
4246
4247
4249
4250
4251
4252
4257
4258
4259
4263
4267
4268
4269
4271
4276
4280
4291
4292
4293
4296
4300
4301
4304
4305
4306
4307
4308
4309
4313
4314
4315
4316
4321
4322
4323
4324
4325
4326
4329
4330
4333
4334
4336
4339
4341
4352
4357
4359
4360
4362
4363
4364
4365
4368
4369
4370
4371
4372
4375
4378
4382
4383
4385
4386
4387
4388
4393
4401
4405
4406
4408
4409
4413
4414
4415
4416
4424
4427
4430
4434
4438
4441
4446
4447
4451
4453
4460
4461
4475
4476
4478
4479
4480
4494
4510
4513
4517
4518
4522
4525
4526
4527
4528
4536
4537
4540
4545
4556
4557
4562
4564
4565
4576
4591
4593
4598
4605
4615
4619
4620
4623
4624
4630
4631
4632
4639
4644
4646
4662
4667
4668
4673
4677
4681
4683
4684
4685
4686
4687
4688
4691
4694
4701
4702
4706
4718
4722
4730
4732
4733
4745
4760
4766
4770
4781
4794
4796
4800
4802
4803
4811
4812
4818
4829
4831
4835
4837
4838
4840
4841
4845
4847
4848
4849
4876
4878
4880
4882
4883
4886
4890
4891
4892
4893
4894
4895
4896
4897
4922
4925
4927
4949
4952
4963
4966
4969
4970
4983
4985
4987
4991
4993
4994
4996
4997
4999
5014
5019
5020
5031
5036
5039
5041
5046
5051
5065
5066
5075
5077
5079
5085
5095
5097
5098
5099
5100
5117
5127
5130
5138
5165
5166
5168
5169
5177
5178
5194
5196
5203
5205
5207
5209
5214
5216
5221
5222
5223
5232
5235
5236
5242
5244
5245
5247
5252
5260
5267
5274
5283
5297
5300
5301
5305
5311
5313
5315
5318
5321
5335
5337
5352
5354
5355
5356
5361
5365
5368
5370
5371
5372
5373
5384
5385
5387
5396
5406
5407
5410
5430
5432
5434
5441
5445
5446
5447
5450
5451
5455
5459
5465
5466
5473
5478
5485
5501
5508
5511
5512
5523
5524
5525
5526
5533
5534
5535
5536
5541
5542
5545
5550
5555
5558
5560
5561
5569
5572
5584
5585
5586
5587
5588
5589
5591
5592
5594
5595
5597
5599
5600
5602
5604
5605
5610
5612
5618
5623
5626
5627
5630
5646
5657
5669
5690
5694
5696
5698
5702
5752
5770
5795
5798
5807
5812
5818
5820
5823
5842
5850
5865
5868
5870
5873
5876
5884
5886
5888
5892
5893
5894
5895
5898
5900
5902
5908
5910
5913
5916
5918
5919
5920
5923
5927
5929
5932
5937
5938
5939
5940
5947
5952
5956
5957
5958
5962
5963
5965
5966
5967
5968
5970
5972
5974
5978
5979
5980
5982
5987
6003
6004
6005
6008
6011
6012
6014
6015
6016
6021
6030
6031
6033
6037
6043
6049
6052
6053
6055
6058
6063
6083
6084
6088
6096
6097
6098
6103
6104
6105
6123
6129
6145
6146
6147
6153
6154
6155
6158
6160
6161
6162
6164
6167
6169
6177
6178
6181
6182
6183
6185
6190
6191
6194
6195
6199
6210
6211
6213
6217
6220
6222
6226
6232
6233
6237
6238
6240
6241
6245
6248
6250
6251
6258
6274
6275
6276
6277
6279
6280
6282
6286
6287
6292
6294
6295
6301
6305
6312
6314
6316
6317
6321
6324
6339
6356
6358
6359
6364
6365
6376
6377
6384
6395
6396
6402
6408
6410
6411
6432
6437
6439
6447
6452
6453
6454
6458
6459
6461
6483
6490
6491
6495
6496
6498
6499
6502
6503
6504
6507
6509
6511
6512
6515
6516
6519
6520
6527
6528
6531
6532
6539
6544
6546
6548
6554
6556
6558
6560
6562
6563
6564
6581
6582
6583
6597
6606
6609
6618
6629
6642
6645
6647
6656
6659
6662
6663
6665
6669
6674
6675
6676
6677
6681
6682
6684
6685
6686
6693
6702
6705
6708
6718
6724
6727
6731
6733
6754
6763
6771
6778
6792
6795
6800
6805
6807
6809
6810
6811
6820
6832
6840
6848
6851
6854
6856
6857
6862
6864
6867
6871
6872
6873
6875
6876
6878
6880
6884
6885
6890
6891
6894
6897
6898
6899
6909
6913
6914
6915
6922
6940
6942
6946
6949
6955
6967
6983
6988
6990
6993
6994
6997
7031
7043
7048
7056
7057
7063
7065
7066
7068
7071
7073
7074
7075
7083
7084
7094
7097
7102
7103
7110
7117
7119
7124
7125
7127
7133
7134
7137
7143
7151
7152
7156
7158
7159
7160
7179
7188
7193
7194
7216
7219
7220
7221
7224
7227
7228
7233
7234
7237
7244
7246
7247
7251
7253
7255
7258
7263
7266
7268
7271
7272
7277
7280
7283
7287
7288
7291
7293
7297
7298
7305
7306
7309
7312
7313
7314
7319
7324
7331
7332
7338
7340
7342
7346
7351
7353
7357
7364
7371
7376
7377
7379
7384
7385
7392
7393
7394
7398
7399
7403
7406
7409
7412
7429
7431
7433
7434
7437
7446
7450
7451
7453
7454
7464
7466
7467
7470
7475
7477
7478
7480
7483
7486
7489
7493
7494
7496
7506
7510
7514
7516
7517
7518
7526
7528
7532
7534
7536
7540
7541
7542
7548
7561
7562
7567
7579
7581
7583
7588
7593
7599
7601
7605
7609
7612
7627
7629
7630
7637
7641
7646
7648
7649
7668
7669
7678
7685
7687
7688
7690
7692
7704
7721
7733
7736
7740
7746
7748
7757
7758
7766
7770
7772
7779
7780
7783
7784
7787
7791
7792
7794
7796
7800
7801
7802
7803
7804
7805
7806
7807
7812
7813
7815
7822
7824
7831
7836
7838
7841
7853
7858
7862
7864
7869
7876
7877
7878
7881
7883
7884
7886
7888
7889
7897
7911
7914
7915
7922
7930
7931
7933
7937
7939
7942
7943
7952
7964
7966
7968
7969
7973
7974
7978
7985
7986
7990
7992
7994
8026
8033
8037
8038
8041
8042
8046
8057
8059
8060
8062
8064
8070
8074
8075
8079
8081
8089
8091
8094
8095
8097
8105
8106
8109
8110
8117
8119
8120
8125
8130
8131
8133
8134
8138
8142
8158
8169
8170
8178
8179
8181
8190
8191
8194
8211
8214
8215
8224
8225
8232
8235
8241
8243
8248
8251
8258
8266
8270
8274
8277
8281
8287
8293
8294
8296
8301
8303
8304
8305
8307
8308
8317
8319
8321
8322
8324
8332
8334
8339
8344
8351
8354
8360
8362
8365
8372
8375
8377
8378
8379
8385
8390
8391
8396
8402
8409
8411
8442
8449
8452
8453
8461
8462
8473
8474
8498
8501
8503
8505
8509
8510
8523
8526
8552
8555
8556
8559
8568
8573
8575
8576
8579
8593
8614
8615
8618
8625
8630
8632
8636
8637
8639
8640
8641
8642
8643
8644
8652
8654
8658
8668
8669
8677
8683
8698
8700
8711
8720
8723
8740
8749
8751
8755
8758
8760
8761
8769
8771
8793
8800
8801
8802
8803
8804
8806
8817
8824
8827
8829
8845
8848
8849
8850
8851
8852
8853
8855
8862
8868
8869
8874
8876
8880
8888
8902
8918
8961
8963
8967
8968
8971
8974
8975
8987
8988
8989
8995
8997
8998
8999
9010
9015
9033
9036
9039
9050
9052
9054
9057
9059
9062
9063
9064
9065
9066
9068
9070
9074
9076
9077
9078
9079
9081
9088
9095
9096
9097
9130
9135
9136
9138
9141
9146
9148
9151
9152
9175
9185
9224
9230
9231
9237
9239
9241
9249
9255
9256
9258
9259
9263
9265
9269
9277
9278
9284
9293
9294
9298
9307
9309
9310
9311
9318
9321
9324
9325
9335
9343
9344
9350
9352
9353
9357
9363
9367
9371
9383
9401
9403
9406
9413
9424
9429
9432
9435
9445
9447
9452
9472
9483
9484
9494
9495
9502
9507
9508
9509
9519
9520
9537
9544
9547
9550
9551
9564
9568
9573
9576
9578
9580
9582
9590
9601
9605
9607
9620
9629
9630
9636
9639
9643
9646
9664
9666
9676
9682
9683
9684
9685
9687
9690
9694
9723
9724
9726
9730
9736
9737
9738
9746
9747
9748
9765
9766
9768
9770
9780
9781
9782
9790
9793
9799
9800
9801
9803
9805
9809
9814
9817
9818
9823
9827
9830
9831
9836
9839
9840
9845
9849
9857
9858
9863
9868
9869
9870
9875
9876
9878
9884
9924
9925
9930
9937
9939
9952
9961
9964
9965
9967
9970
9971
9972
9973
9980
9986
9990
9995
9998
10005
10007
10012
10016
10023
10029
10031
10032
10036
10037
10038
10043
10044
10045
10048
10052
10055
10056
10058
10060
10066
10072
10079
10093
10099
10104
10107
10123
10125
10127
10130
10132
10133
10135
10139
10144
10146
10158
10165
10179
10187
10190
10192
10197
10203
10205
10224
10229
10230
10231
10232
10233
10234
10235
10236
10238
10244
10245
10251
10255
10262
10263
10286
10287
10289
10295
10307
10308
10331
10332
10333
10338
10347
10356
10367
10375
10386
10388
10408
10415
10424
10428
10431
10443
10444
10448
10453
10454
10456
10460
10465
10477
10482
10484
10487
10489
10491
10493
10506
10529
10537
10542
10544
10579
10591
10593
10595
10597
10599
10600
10603
10608
10610
10624
10627
10631
10632
10633
10636
10638
10646
10650
10657
10663
10664
10672
10677
10679
10680
10685
10686
10687
10693
10699
10710
10711
10720
10721
10724
10736
10739
10753
10756
10762
10763
10770
10777
10778
10780
10786
10797
10798
10799
10800
10801
10802
10810
10824
10826
10828
10833
10837
10838
10843
10848
10852
10853
10854
10858
10864
10868
10871
10872
10873
10880
10882
10884
10885
10886
10889
10896
10902
10903
10905
10906
10911
10936
10939
10943
10945
10947
10987
10989
10991
10995
11004
11005
11014
11017
11019
11021
11023
11025
11027
11029
11030
11031
11033
11039
11049
11059
11060
11076
11085
11098
11109
11112
11114
11122
11128
11132
11139
11175
11177
11178
11181
11185
11188
11190
11209
11212
11216
11217
11220
11221
11224
11228
11236
11251
11254
11258
11259
11260
11264
11265
11279
11280
11281
11292
11293
11295
11309
11317
11318
11319
11330
11332
11335
11337
11338
11342
11343
11344
11351
11361
11373
11377
11378
11386
11387
11394
11396
11403
11411
11422
11426
11448
11450
11458
11465
11469
11483
11484
11493
11496
11501
11502
11509
11510
11514
11515
11517
11521
11522
11523
11525
11526
11527
11528
11529
11530
11531
11533
11535
11537
11540
11542
11543
11544
11545
11547
11549
11551
11554
11555
11561
11566
11571
11572
11577
11578
11582
11583
11584
11585
11588
11589
11594
11595
11599
11603
11606
11608
11617
11619
11620
11622
11624
11634
11635
11636
11637
11646
11647
11648
11650
11652
11659
11664
11666
11667
11675
11676
11677
11689
11695
11715
11720
11721
11727
11729
11732
11739
11740
11741
11742
11743